Kris
XP





1
2
3
0
0 
1 
-155 
1 
1
1 
0 
10 
2 
0 
0 
0 
0 
0 
0 
0 
0 
0 
0 
0 
0 
0 
0 
0 
0 
0 
0 
0 
0 
0 
0 
0 
0 
0 
0 
0 
0 
0 
0 
0 
0 
0 
0 
0 
0 
0 
0 
0 
0 
0 
0 
0 
0 
0 
0 
0 
0 
0 
0 
0 
0 
0 
0 
0 
0 
0 
0 
200
200
17
2
0
0 
26
9
5
0 
16 
0 
0 
1 
0 
0 
0 
0 
0 
0 
0 
1 
0 
0 
0 
20 
0 
0 
0 
0 
0 
1 
0 
0 
0 
20 
0 
0 
0 
0 
0 
0 
0 
0 
0 
0 
0 
0 
0 
0 
7
0
0
0
0
0
0 
0 
0 
0 
0 
0 
230
230
22
2
3
0 
52
7
23
0 
6 
0 
0 
1 
0 
0 
0 
0 
0 
0 
2 
2 
2 
0 
0 
0 
0 
0 
0 
0 
0 
3 
0 
0 
0 
0 
0 
0 
5 
0.66 
0 
0 
0 
0 
0 
0 
0 
0 
0 
0 
4
11
0
0
0
0
0 
0 
0 
0 
0 
0 
180
180
15
2
14
0 
18
22
4
0 
5 
0 
-1 
1 
0 
0 
0 
0 
0 
0 
0 
3 
1 
0 
0 
0 
0 
0 
0 
0 
0 
2 
0 
0 
0 
0 
0 
0 
0 
0 
0 
0 
0 
0 
0 
0 
0 
0 
0 
0 
3
2
0
0
0
0
0 
0 
0 
0 
0 
0 
90
90
3
1
11
0 
12
14
22
0 
0 
0 
0 
1 
0 
0 
0 
0 
0 
0 
0 
2 
0 
0 
0 
0 
0 
0 
0 
0 
0 
3 
1 
0 
0 
0 
0 
0 
0 
0 
0 
0 
0 
0 
0 
0 
0 
0 
0 
0 
2
8
9
0
0
0
0 
0 
0 
0 
0 
0 
100 
100 
100 
38
13
38
8
38
8
62
8
62
8
22
8
6
8
34
8
11
8
2
8
2
8
30
8
999 
0 
1
1
2
2
3
3
4
4
5
5
6
6
7
7
8
8
9
9
10
10
11
11
14
12
15
13
16
14
17
15
19
17
21
18
23
19
24
20
25
21
50
22
51
23
53
24
54
25
0
26
0
27
0
50
0
51
0
52
0
53
0
54
0
0
0
0
0
0
0
0
0
0
0
0
0
0
0
0
0
0
0
0
0
0
0
0
0
0
0
0
0
0
0
0
0
0
0
0
0
0
0
0
0
0
0
0
0
0
0
0
0
0
0
0
0
0
0
0
0
0
0 
0 
0 
0 
0 
0 
0 
0 
0 
0 
0 
0 
0 
0 
0 
0 
0 
0 
0 
0 
0 
0 
0 
0 
0 
0 
0 
0 
0 
0 
0 
0 
0 
0 
0 
0 
0 
0 
0 
0 
0 
0 
0 
0 
0 
0 
0 
0 
0 
250 
0
3
0
1
2
20
20
10
10
16 
0 
5
201
11
0
0
0
0
0
0
0
0
0
0
0
0
0
0 
0 
0 
0 
0 
0 
0 
0 
0 
1 
1 
0 
0 
0 
0 
1 
0.85 
0.6 
0 
0 
0 
-10 
0 
0 
0 
0 
0 
0 
0 
1 
2 
1 
0 
73 
0
0 
0 
0 
0 
0 
1 
125 
18 
0 
0 
0 
0 
0 
0 
129.08 
2 
2 
2 
0 
0 
632.113 
168.937 
0 
0 
0 
0 
0 
0 
0 
36 
0 
0 
0 
0 
0 
0 
0 
0 
0 
0 
0 
0 
0 
0 
0 
0 
0 
0 
0 
0 
0 
0 
0 
0 
0 
0 
0 
0 
0 
0 
0 
0 
0 
0 
0 
0 
2 
0 
1 
1 
1 
1
1 
0 
1 
1 
0 
0 
1 
1 
1 
1 
1 
1 
1 
1 
2 
0 
0 
0 
0 
1 
1 
1 
1 
1 
1 
0 
0 
1 
1 
0 
1 
1 
0 
0 
0 
0 
0 
0 
0 
0 
0 
0 
0 
0 
0 
0 
0 
0 
0 
0 
0 
0 
0 
0 
0 
0 
0 
0 
0 
0 
0 
0 
0 
0 
0 
0 
0 
0 
0 
0 
0 
0 
0 
0 
0 
0 
0 
0 
0 
0 
0 
0 
0 
0 
0 
0 
0 
0 
0 
0 
0 
0 
0 
1 
1 
1 
0 
0 
0 
1 
0
0 
1 
2 
3 
1 
0 
1 
0 
0 
1 
1 
0 
0
2
2
7
0
3
1 
0 
0 
12 
0 
4 
0 
0 
1 
0 
0 
1 
1 
1 
1 
7
0 
3 
0 
1 
0 
0 
0 
1 
1 
0 
0
1
1
2
1
1
2
1
3
0
2
1 
140 
1
0 
0 
0 
1
1
1
1
2
1
1
0
1
0 
1 
0 
0 
0 
0 
0 
0 
0 
0 
0 
0 
1 
9 
0 
0 
0 
0 
1 
0 
0 
0 
1 
0 
2
0 
0 
0 
0 
4 
0
9
1 
0 
1 
0 
0 
1
1
0
0 
3 
0 
0 
0 
0 
0 
1
0 
0 
0 
1 
0 
0 
0 
1 
0 
0 
0 
3
0 
0 
1 
1
3
1 
1 
0 
0 
0 
0 
0 
1 
0 
1 
2 
6 
0 
0 
1
0 
1 
1 
1 
1 
0 
0 
0 
0 
1 
1 
0 
0 
1 
0 
1 
1 
1 
2 
1 
1 
1 
0
1 
1 
1 
1 
2 
2 
1 
0 
1 
1 
1 
0 
0 
0 
1 
1 
1 
1 
1 
2 
0 
0 
0 
0 
0 
0 
1 
1 
1 
0 
0 
0 
0 
0 
0 
1 
1 
1 
0 
1 
0 
1
0 
1
1
3 
0 
1 
76 
0
1 
1 
0 
0 
2 
0 
2 
1 
0
1 
0 
1 
1 
0 
0 
0 
1 
1 
1 
2 
0 
0 
0 
1 
0 
0 
1
4 
0 
0 
0
23
0 
0 
1 
0 
1 
0 
1 
0 
0 
0 
0 
0 
0 
0 
0 
0 
0 
0 
0 
0 
0 
0 
0 
0 
0 
0 
0 
0 
0 
0 
0 
0 
0 
0 
0 
0 
0 
0 
2 
0 
1 
3 
1 
1 
1 
1 
0 
3 
1 
0 
0 
0 
0 
0 
0 
0 
0 
0 
0 
0 
0 
0 
3 
2 
1 
2 
2 
2 
2 
2 
2 
3 
2 
2 
2 
2 
2 
2 
2 
2 
2 
2 
3 
2 
2 
2 
2 
2 
2 
2 
0 
0 
0 
0 
0 
0 
0 
0 
0 
0 
0 
0 
0 
0 
0 
0 
0 
2 
2 
0 
0 
0 
0 
0 
0 
0 
0 
2 
2 
2 
3 
2 
2 
2 
0 
0 
2 
2 
2 
2 
2 
0 
0 
0 
0 
0 
0 
0
0
0
0
0
1
1
0
0
0
0
1
0
1
1
1
0
0
0
0
0
0
1
1
0
0
0
0
0
0
1
1
1
1
1
1
1
0
0
0
1
0
1
0
1
0
0
0
0
0
0
0
0
0
1
1
1
1
1
1
1
1
0
0
0
0
0
0
0
0
0
0
0
0
0
0
0
0 
0 
0 
0 
0 
0 
0 
0 
0 
0 
0 
0 
0 
0 
0 
0 
0 
0 
0 
0 
0 
0 
0 
0 
0 
0 
0 
0 
0 
1 
0 
0 
0 
0 
0 
0 
0 
0 
0 
0 
0 
0 
1 
1 
0 
1 
0 
0 
0 
0 
0 
0 
0 
0 
0 
0 
0 
1 
0 
0 
0 
0 
0 
0 
0 
0 
0 
0 
0 
0 
0 
0 
0 
0 
0 
0 
0 
0 
0 
0 
0 
0 
0 
0 
0 
0 
0 
0 
0 
0 
0 
0 
0 
0 
0 
0 
0 
0 
0 
0 
0 
0 
0 
1 
0 
0 
0 
0 
0 
0 
0 
0 
0 
0 
0 
0 
0 
0 
0 
0 
0 
7 
0 
15
5
6
5
0 
0 
0 
0 
0 
0 
2 
2 
2 
2 
2 
2 
0 
0 
0 
0 
0 
0 
0 
0 
0 
0 
0 
0 
0 
0 
0 
0 
0 
0 
0 
0 
0 
0 
0 
0 
0 
0 
0 
0 
0 
0 
0 
0 
0 
0 
0 
0 
0 
0 
0 
0 
0 
0 
0 
0 
0 
0 
0 
0 
0 
0 
0 
0 
0 
0 
0 
0 
0 
0 
0 
0 
0 
0 
0 
0 
0 
0 
0 
0 
0 
0 
0 
0 
0 
0 
0 
0 
0 
0 
0 
0 
0 
0 
0 
0 
0
0
0
0
1
1
1
0
0
1
0 
1
0 
0 
1 
0
0 
2 
0
0 
1
1
0
0 
0 
0
0 
0 
0 
0 
0 
0 
0 
0 
0 
0 
0 
0 
0 
0 
0 
0 
0 
0 
0 
0 
0 
0 
0 
0 
0 
0 
0 
0 
1 
0 
0 
0 
0 
0 
0 
0 
0 
0 
0 
0 
0 
0 
0 
0 
0 
0 
0 
0 
0 
0 
0 
0 
0 
0 
0 
0 
0 
0 
0 
0 
0 
0 
0 
0 
0 
0 
0 
0 
0 
0 
0 
0 
0 
0 
0 
0 
1 
0 
0 
0 
4 
0 
0 
0 
0 
6 
10 
17 
18 
0 
0 
1 
0 
0 
1 
0 
0 
0 
0 
3 
0 
0 
1 
2 
1 
1 
0 
0 
0 
0 
0 
0 
0 
0 
1 
1 
1 
0 
2247 
0 
0 
1 
999 
3 
1 
0 
0 
0 
1 
6 
0 
0 
0 
2 
0 
1 
1 
0 
0 
0 
0 
1 
1 
0 
0 
0 
0 
0 
1 
1 
0 
0 
0 
0 
0 
0 
0 
1 
0 
0 
1 
1 
0 
0 
0 
0 
0 
0 
1 
1 
0 
0 
0 
3 
1 
2 
0 
0 
0 
0 
0 
0 
0 
0 
0 
0 
0 
0 
1 
0 
0 
115 
4 
1 
0 
0 
3 
1 
1 
1 
0 
0 
0 
0 
0 
1 
0 
0 
1 
1 
0 
1 
0 
0 
1 
0 
0 
50 
2 
2 
0 
1 
2 
0 
0 
0 
1 
0 
0 
0 
0 
0 
0 
0 
0 
0 
0 
0 
0 
1 
0 
0 
1 
0 
0 
3 
0 
4 
4 
0 
2 
0 
0 
0 
0 
0 
0 
0 
1 
1 
1 
0 
0 
0 
1 
0 
1 
410 
3 
28870 
5 
0 
0 
1 
0 
1 
1 
1 
1 
1 
1 
1 
0 
1 
0 
0 
0 
0 
2 
0 
2 
2 
0 
0 
0 
0 
0 
0 
0 
0 
0 
1 
1 
0 
1 
0 
1 
1 
0 
1 
1 
1 
1 
0 
0 
1 
5 
0 
0 
0 
0 
0 
0 
0 
0 
0 
0 
0 
0 
163 
19 
11 
0 
0 
0 
0 
0 
1 
8 
0 
1 
1 
0 
0 
0 
0 
0 
0 
10 
17 
18 
0 
1 
0 
0 
0 
0 
0 
0 
0 
0 
0 
0 
0 
0 
0 
0 
0 
0 
0 
0 
0 
0 
0 
0 
0 
0 
0 
0 
0 
0 
0 
0 
0 
0 
0 
0 
0 
0 
0 
0 
0 
0 
0 
0 
0 
0 
0 
0 
0 
0 
0 
0 
0 
0 
0 
0 
0 
0 
0 
0 
0 
0 
0 
0 
0 
0 
0 
0 
0 
0 
0 
0 
0 
0 
0 
0 
0 
0 
0 
0 
0 
0 
0 
0 
0 
0 
0 
0 
0 
0 
0 
0 
0 
0 
0 
0 
0 
0 
0 
0 
0 
0 
0 
0 
0 
0 
0 
0 
0 
0 
0 
0 
0 
0 
0 
0 
0 
0 
0 
0 
0 
0 
0 
0 
0 
0 
0 
0 
0 
0 
0 
0 
0 
0 
0 
0 
0 
0 
0 
0 
0 
0 
0 
0 
0 
0 
0 
0 
0 
0 
0 
0 
0 
0 
0 
0 
0 
0 
0 
0 
0 
0 
0 
0 
0 
0 
0 
0 
0 
0 
0 
0 
0 
0 
0 
0 
0 
0 
0 
0 
0 
0 
0 
0 
0 
0 
0 
0 
0 
0 
0 
0 
0 
0 
0 
0 
0 
0 
0 
0 
0 
0 
0 
0 
0 
0 
0 
0 
0 
0 
0 
0 
0 
0 
0 
0 
0 
0 
0 
0 
0 
0 
0 
0 
0 
0 
0 
0 
0 
0 
0 
0 
0 
0 
0 
0 
0 
0 
0 
0 
0 
0 
0 
0 
0 
0 
0 
0 
0 
0 
0 
0 
0 
0 
0 
0 
1 
0 
0 
0 
0 
0 
0 
0 
0 
0 
0 
0 
0 
0 
0 
0 
0 
0 
0 
0 
0 
0 
0 
0 
0 
0 
0 
0 
0 
0 
0 
0 
0 
0 
0 
0 
0 
0 
0 
0 
0 
0 
0 
0 
0 
1 
0 
0 
0 
0 
0 
0 
0 
0 
0 
0 
0 
0 
0 
0 
0 
0 
0 
0 
0 
0 
0 
0 
0 
0 
0 
0 
0 
0 
0 
0 
0 
0 
0 
0 
0 
0 
0 
0 
0 
0 
2 
1 
1 
0 
0 
0 
0 
0 
0 
0 
0 
0 
0 
0 
0 
0 
0 
0 
0 
0 
0 
0 
0 
0 
0 
0 
1 
1 
1 
1 
0 
0 
0 
0 
0 
0 
1 
0 
0 
0 
0 
0 
0 
0 
0 
1 
0 
0 
0 
0 
0 
0 
0 
0 
0 
0 
0 
0 
0 
0 
0 
0 
0 
0 
0 
0 
0 
0 
0 
0 
0 
0 
0 
0 
0 
0 
0 
0 
0 
0 
0 
0 
0 
0 
0 
0 
0 
0 
0 
0 
0 
0 
0 
0 
0 
0 
0 
0 
0 
0 
0 
0 
0 
0 
0 
0 
0 
0 
0 
0 
0 
0 
0 
0 
0 
0 
0 
0 
0 
0 
0 
0 
0 
0 
0 
0 
0 
0 
0 
0 
0 
0 
0 
0 
0 
0 
0 
0 
0 
0 
0 
0 
0 
0 
0 
0 
0 
0 
0 
0 
0 
0 
0 
0 
0 
0 
0 
0 
0 
0 
0 
0 
0 
0 
0 
0 
0 
0 
0 
0 
0 
0 
0 
0 
0 
0 
0 
0 
0 
0 
0 
0 
0 
0 
0 
0 
0 
0 
0 
0 
0 
0 
0 
0 
0 
0 
0 
0 
0 
0 
0 
0 
0 
0 
0 
0 
0 
0 
0 
0 
0 
0 
0 
0 
0 
0 
0 
0 
0 
0 
0 
0 
0 
0 
0 
0 
0 
0 
0 
0 
0 
0 
0 
0 
0 
0 
0 
0 
0 
0 
0 
0 
0 
0 
0 
0 
0 
0 
0 
0 
0 
0 
0 
0 
0 
0 
0 
0 
0 
0 
0 
0 
0 
0 
0 
0 
0 
0 
0 
0 
0 
0 
0 
0 
0 
0 
0 
0 
0 
0 
0 
0 
0 
0 
0 
0 
0 
0 
0 
0 
0 
0 
0 
0 
0 
0 
0 
0 
0 
0 
0 
0 
0 
0 
0 
0 
0 
0 
0 
0 
0 
0 
0 
0 
0 
0 
0 
0 
0 
0 
0 
0 
0 
0 
0 
0 
0 
0 
0 
0 
0 
0 
0 
0 
0 
0 
0 
0 
0 
0 
0 
0 
0 
0 
0 
0 
0 
0 
0 
0 
0 
0 
0 
0 
0 
0 
0 
0 
0 
0 
0 
0 
0 
0 
0 
0 
0 
0 
0 
0 
0 
0 
0 
0 
0 
0 
0 
0 
0 
0 
0 
0 
0 
0 
0 
0 
0 
0 
0 
0 
0 
0 
0 
0 
0 
0 
0 
0 
0 
0 
0 
0 
0 
0 
0 
0 
0 
0 
0 
0 
0 
0 
0 
0 
0 
0 
0 
0 
0 
0 
0 
0 
0 
0 
0 
0 
0 
0 
0 
0 
0 
0 
0 
0 
0 
0 
0 
0 
0 
0 
0 
0 
0 
0 
0 
0 
0 
0 
0 
0 
0 
0 
0 
0 
0 
0 
0 
0 
0 
0 
0 
0 
0 
0 
0 
0 
0 
0 
0 
0 
0 
0 
0 
0 
0 
0 
0 
0 
0 
0 
0 
0 
0 
0 
0 
0 
0 
0 
0 
0 
0 
0 
0 
0 
0 
0 
0 
0 
0 
0 
0 
0 
0 
0 
0 
0 
0 
0 
0 
0 
0 
0 
0 
0 
0 
0 
0 
0 
0 
0 
0 
0 
0 
0 
0 
0 
0 
0 
0 
0 
0 
0 
0 
0 
0 
0 
0 
0 
0 
0 
0 
0 
0 
0 
0 
0 
0 
0 
0 
0 
0 
0 
0 
0 
0 
0 
0 
0 
0 
0 
0 
0 
0 
0 
0 
0 
0 
0 
0 
0 
0 
0 
0 
0 
0 
0 
0 
0 
0 
0 
0 
0 
0 
0 
0 
0 
0 
0 
0 
0 
0 
0 
0 
0 
0 
0 
0 
0 
0 
0 
0 
0 
0 
0 
0 
0 
0 
0 
0 
0 
0 
0 
0 
0 
0 
0 
0 
0 
0 
0 
0 
0 
0 
0 
0 
0 
0 
0 
0 
0 
0 
0 
0 
0 
0 
0 
0 
0 
0 
0 
0 
0 
0 
0 
0 
0 
0 
0 
0 
0 
0 
0 
0 
0 
0 
0 
0 
0 
0 
0 
0 
0 
0 
0 
0 
0 
0 
0 
0 
0 
0 
0 
0 
0 
0 
0 
0 
0 
0 
0 
0 
0 
0 
0 
0 
0 
0 
0 
0 
0 
0 
0 
0 
0 
0 
0 
0 
0 
0 
0 
0 
0 
0 
0 
0 
0 
0 
0 
0 
0 
0 
0 
0 
0 
0 
0 
0 
0 
0 
0 
0 
0 
0 
0 
0 
0 
0 
0 
0 
0 
0 
0 
0 
0 
0 
0 
0 
0 
0 
0 
0 
0 
0 
0 
0 
0 
0 
0 
0 
0 
0 
0 
0 
0 
0 
0 
0 
0 
0 
0 
0 
0 
0 
0 
0 
0 
0 
0 
0 
0 
0 
0 
0 
0 
0 
0 
0 
0 
0 
0 
0 
0 
0 
0 
0 
0 
0 
0 
0 
0 
0 
0 
0 
0 
0 
0 
0 
0 
0 
0 
0 
0 
0 
0 
0 
0 
0 
0 
0 
0 
0 
0 
0 
0 
0 
0 
0 
0 
0 
0 
0 
0 
0 
0 
0 
0 
0 
0 
0 
0 
0 
0 
0 
0 
0 
0 
0 
0 
0 
0 
0 
0 
0 
0 
0 
0 
0 
0 
0 
0 
0 
0 
0 
0 
0 
0 
0 
0 
0 
0 
0 
0 
0 
0 
0 
0 
0 
0 
0 
0 
0 
0 
0 
0 
0 
0 
0 
0 
0 
0 
0 
40
40068
963763 